# 用Python作计算器，做数学题


### 1、基本运算
    1） 加法
<pre>
>>> 1 +  2      //直接回车输出结果
3
>>> sum = 1 + 2 //将结果赋值给sum，再print
>>> print(sum)
3
</pre>

    2） 减法
<pre>
>>> 2 - 1
1
>>> sum = 2 - 1
>>> print(sum)
3
</pre>

    3） 乘法
<pre>
>>> 1 * 2
2
>>> 1.5 * 3
4.5
>>> a * b
2
</pre>

    4） 除法
<pre>
>>> from __future__ import division
>>> 1 / 3
0.3333333333333333
>>> 5 / 2
2.5
>>> 1.0 / 3
0.3333333333333333
>>> 5.0 / 2.0
2.5
</pre>

### 2、解决高数中的极限问题

![all](/images/70.jpg)

<pre>
>>> - (4 ** (1.0 / 3)) / 4 * math.log(2 ** (1.0 / 3) - 1) - (math.sqrt(3) * (4 ** (1.0 / 3))) / 6 * math.atan(math.sqrt(3) / (1 + 2 * (2 * (1.0 / 3))))
0.24209140862733897
</pre>

### 3、解决线代问题
    1） 矩阵的转置
<pre>

>>> import numpy as np
>>> a=np.array([[1,2,3],[4,5,6],[7,8,9]])
>>> a
array([[1, 2, 3],
       [4, 5, 6],
       [7, 8, 9]])
>>> #直接使用.transpose()函数
>>> a.transpose()
array([[1, 4, 7],
       [2, 5, 8],
       [3, 6, 9]])
</pre>

    2) 矩阵的逆
<pre>

>>> a
array([[ 3.,  2.,  3.],
       [ 4.,  7.,  6.],
       [ 7.,  8., 11.]])
>>> #直接使用.linalg.inv()函数
>>> np.linalg.inv(a)
array([[ 0.90625,  0.0625 , -0.28125],
       [-0.0625 ,  0.375  , -0.1875 ],
       [-0.53125, -0.3125 ,  0.40625]])
</pre>
